Year,Period,labor force,employment,unemployment,unemployment rate
1999,Jan,224155,219848,4307,1.9
1999,Feb,226798,222306,4492,2.0
1999,Mar,227514,223351,4163,1.8
1999,Apr,227618,223782,3836,1.7
1999,May,229106,224958,4148,1.8
1999,Jun,231443,226752,4691,2.0
1999,Jul,232746,227715,5031,2.2
1999,Aug,230225,225735,4490,2.0
1999,Sep,229595,225402,4193,1.8
1999,Oct,231901,227296,4605,2.0
1999,Nov,232819,228058,4761,2.0
1999,Dec,233102,228752,4350,1.9
1999,Annual,229752,225330,4422,1.9
2000,Jan,228591,222010,6581,2.9
2000,Feb,232880,226017,6863,2.9
2000,Mar,233695,227177,6518,2.8
2000,Apr,234250,229007,5243,2.2
2000,May,232500,225820,6680,2.9
2000,Jun,233699,226468,7231,3.1
2000,Jul,233813,226531,7282,3.1
2000,Aug,231102,223929,7173,3.1
2000,Sep,230039,223830,6209,2.7
2000,Oct,232483,225989,6494,2.8
2000,Nov,234121,226892,7229,3.1
2000,Dec,235620,228920,6700,2.8
2000,Annual,232733,226049,6684,2.9
2001,Jan,239512,230852,8660,3.6
2001,Feb,242429,233500,8929,3.7
2001,Mar,244256,234991,9265,3.8
2001,Apr,242735,234067,8668,3.6
2001,May,241545,232652,8893,3.7
2001,Jun,242032,232210,9822,4.1
2001,Jul,243372,233411,9961,4.1
2001,Aug,237200,226077,11123,4.7
2001,Sep,237347,226899,10448,4.4
2001,Oct,239367,227789,11578,4.8
2001,Nov,238963,226374,12589,5.3
2001,Dec,240181,228054,12127,5.0
2001,Annual,240745,230573,10172,4.2
2002,Jan,238769,225174,13595,5.7
2002,Feb,241528,228468,13060,5.4
2002,Mar,242912,229644,13268,5.5
2002,Apr,243245,229962,13283,5.5
2002,May,242988,229858,13130,5.4
2002,Jun,242833,228708,14125,5.8
2002,Jul,240841,227060,13781,5.7
2002,Aug,239344,225971,13373,5.6
2002,Sep,238720,226623,12097,5.1
2002,Oct,237584,225038,12546,5.3
2002,Nov,236146,222554,13592,5.8
2002,Dec,233892,220844,13048,5.6
2002,Annual,239901,226659,13242,5.5
2003,Jan,237387,223917,13470,5.7
2003,Feb,240333,227256,13077,5.4
2003,Mar,241360,228517,12843,5.3
2003,Apr,240553,227489,13064,5.4
2003,May,239704,226769,12935,5.4
2003,Jun,241966,227440,14526,6.0
2003,Jul,241239,227661,13578,5.6
2003,Aug,238939,226075,12864,5.4
2003,Sep,238287,226636,11651,4.9
2003,Oct,238171,226650,11521,4.8
2003,Nov,239587,227601,11986,5.0
2003,Dec,238190,227636,10554,4.4
2003,Annual,239643,226971,12672,5.3
2004,Jan,239309,227587,11722,4.9
2004,Feb,240183,229163,11020,4.6
2004,Mar,240026,228953,11073,4.6
2004,Apr,238431,228141,10290,4.3
2004,May,239366,228828,10538,4.4
2004,Jun,242167,230356,11811,4.9
2004,Jul,244504,233294,11210,4.6
2004,Aug,240802,230518,10284,4.3
2004,Sep,239424,230701,8723,3.6
2004,Oct,239552,230127,9425,3.9
2004,Nov,241480,231077,10403,4.3
2004,Dec,239929,230000,9929,4.1
2004,Annual,240431,229895,10536,4.4
2005,Jan,238574,227894,10680,4.5
2005,Feb,240622,229411,11211,4.7
2005,Mar,241479,231196,10283,4.3
2005,Apr,241975,231764,10211,4.2
2005,May,242870,232479,10391,4.3
2005,Jun,245199,233628,11571,4.7
2005,Jul,249039,237248,11791,4.7
2005,Aug,246960,236177,10783,4.4
2005,Sep,246923,236989,9934,4.0
2005,Oct,246482,236608,9874,4.0
2005,Nov,246941,236640,10301,4.2
2005,Dec,246808,237753,9055,3.7
2005,Annual,244489,233982,10507,4.3
2006,Jan,245718,236405,9313,3.8
2006,Feb,247942,237783,10159,4.1
2006,Mar,249102,239816,9286,3.7
2006,Apr,248950,239805,9145,3.7
2006,May,251530,241675,9855,3.9
2006,Jun,254221,243568,10653,4.2
2006,Jul,257485,246196,11289,4.4
2006,Aug,256076,245415,10661,4.2
2006,Sep,255396,245782,9614,3.8
2006,Oct,256627,247182,9445,3.7
2006,Nov,258002,247841,10161,3.9
2006,Dec,257527,248312,9215,3.6
2006,Annual,253215,243315,9900,3.9
2007,Jan,252685,242402,10283,4.1
2007,Feb,253936,243824,10112,4.0
2007,Mar,254765,245556,9209,3.6
2007,Apr,253498,244240,9258,3.7
2007,May,254149,244660,9489,3.7
2007,Jun,257355,246644,10711,4.2
2007,Jul,260048,249079,10969,4.2
2007,Aug,257040,246988,10052,3.9
2007,Sep,258037,248502,9535,3.7
2007,Oct,255557,246149,9408,3.7
2007,Nov,257072,247441,9631,3.7
2007,Dec,255684,245872,9812,3.8
2007,Annual,255818,245946,9872,3.9
2008,Jan,259241,248655,10586,4.1
2008,Feb,259506,248802,10704,4.1
2008,Mar,260914,250389,10525,4.0
2008,Apr,262185,252236,9949,3.8
2008,May,263070,251271,11799,4.5
2008,Jun,265048,252090,12958,4.9
2008,Jul,268202,254370,13832,5.2
2008,Aug,264968,251839,13129,5.0
2008,Sep,265074,252879,12195,4.6
2008,Oct,264619,252746,11873,4.5
2008,Nov,267142,251711,15431,5.8
2008,Dec,265941,249460,16481,6.2
2008,Annual,263826,251371,12455,4.7
2009,Jan,266928,247383,19545,7.3
2009,Feb,267754,247097,20657,7.7
2009,Mar,267323,247711,19612,7.3
2009,Apr,268079,249075,19004,7.1
2009,May,268479,247827,20652,7.7
2009,Jun,270105,248259,21846,8.1
2009,Jul,270844,248799,22045,8.1
2009,Aug,267435,246239,21196,7.9
2009,Sep,266581,245924,20657,7.7
2009,Oct,264809,244390,20419,7.7
2009,Nov,265244,244826,20418,7.7
2009,Dec,262860,242269,20591,7.8
2009,Annual,267204,246650,20554,7.7
2010,Jan,258110,235211,22899,8.9
2010,Feb,259615,236786,22829,8.8
2010,Mar,261066,238952,22114,8.5
2010,Apr,265089,243575,21514,8.1
2010,May,264625,242920,21705,8.2
2010,Jun,263858,241785,22073,8.4
2010,Jul,267435,245312,22123,8.3
2010,Aug,264090,242771,21319,8.1
2010,Sep,262950,243028,19922,7.6
2010,Oct,261976,242383,19593,7.5
2010,Nov,262946,242309,20637,7.8
2010,Dec,261102,241309,19793,7.6
2010,Annual,262739,241362,21377,8.1
2011,Jan,261753,240426,21327,8.1
2011,Feb,262176,241307,20869,8.0
2011,Mar,263116,242952,20164,7.7
2011,Apr,265549,245623,19926,7.5
2011,May,265269,244710,20559,7.8
2011,Jun,264890,242316,22574,8.5
2011,Jul,265735,243348,22387,8.4
2011,Aug,264284,241602,22682,8.6
2011,Sep,266695,245241,21454,8.0
2011,Oct,267863,246840,21023,7.8
2011,Nov,267987,247919,20068,7.5
2011,Dec,266414,246403,20011,7.5
2011,Annual,265144,244057,21087,8.0
2012,Jan,266603,245871,20732,7.8
2012,Feb,268964,248245,20719,7.7
2012,Mar,269684,249959,19725,7.3
2012,Apr,269471,250866,18605,6.9
2012,May,270952,251100,19852,7.3
2012,Jun,271036,249689,21347,7.9
2012,Jul,272282,250328,21954,8.1
2012,Aug,268862,247973,20889,7.8
2012,Sep,272204,253510,18694,6.9
2012,Oct,274260,255424,18836,6.9
2012,Nov,272986,254333,18653,6.8
2012,Dec,272134,253182,18952,7.0
2012,Annual,270786,250873,19913,7.4
2013,Jan,271782,251586,20196,7.4
2013,Feb,272448,253612,18836,6.9
2013,Mar,272627,255064,17563,6.4
2013,Apr,272796,256383,16413,6.0
2013,May,273256,255685,17571,6.4
2013,Jun,273607,254752,18855,6.9
2013,Jul,275046,256362,18684,6.8
2013,Aug,271606,254257,17349,6.4
2013,Sep,273686,258035,15651,5.7
2013,Oct,273131,257438,15693,5.7
2013,Nov,273277,258510,14767,5.4
2013,Dec,270979,257167,13812,5.1
2013,Annual,272854,255738,17116,6.3
2014,Jan,271333,256659,14674,5.4
2014,Feb,273916,259037,14879,5.4
2014,Mar,275722,260939,14783,5.4
2014,Apr,274572,262099,12473,4.5
2014,May,275552,261104,14448,5.2
2014,Jun,274330,259835,14495,5.3
2014,Jul,278244,262111,16133,5.8
2014,Aug,276534,260967,15567,5.6
2014,Sep,276454,262919,13535,4.9
2014,Oct,278377,264987,13390,4.8
2014,Nov,277801,264438,13363,4.8
2014,Dec,276087,263557,12530,4.5
2014,Annual,275743,261554,14189,5.1
2015,Jan,279347,265069,14278,5.1
2015,Feb,281008,267224,13784,4.9
2015,Mar,280289,266859,13430,4.8
2015,Apr,280341,267451,12890,4.6
2015,May,283503,268373,15130,5.3
2015,Jun,280031,264740,15291,5.5
2015,Jul,282124,266247,15877,5.6
2015,Aug,279044,264184,14860,5.3
2015,Sep,280210,266993,13217,4.7
2015,Oct,283652,270116,13536,4.8
2015,Nov,284037,270605,13432,4.7
2015,Dec,282883,270055,12828,4.5
2015,Annual,281372,267326,14046,5.0
2016,Jan,282709,269268,13441,4.8
2016,Feb,287231,274077,13154,4.6
2016,Mar,287864,274965,12899,4.5
2016,Apr,287665,275755,11910,4.1
2016,May,290083,277857,12226,4.2
2016,Jun,291569,277942,13627,4.7
2016,Jul,292884,279004,13880,4.7
2016,Aug,290032,276303,13729,4.7
2016,Sep,291254,278484,12770,4.4
2016,Oct,292420,279682,12738,4.4
2016,Nov,291895,279306,12589,4.3
2016,Dec,289800,277659,12141,4.2
2016,Annual,289617,276692,12925,4.5
2017,Jan,290394,277250,13144,4.5
2017,Feb,293567,280908,12659,4.3
2017,Mar,294289,282517,11772,4.0
2017,Apr,293612,283084,10528,3.6
2017,May,293568,282457,11111,3.8
2017,Jun,292219,280327,11892,4.1
2017,Jul,295539,282862,12677,4.3
2017,Aug,293053,280404,12649,4.3
2017,Sep,296264,285303,10961,3.7
2017,Oct,297408,286630,10778,3.6
2017,Nov,297270,286111,11159,3.8
2017,Dec,293785,283306,10479,3.6
2017,Annual,294248,282597,11651,4.0
2018,Jan,294024,282854,11170,3.8
2018,Feb,299662,288337,11325,3.8
2018,Mar,299165,288574,10591,3.5
2018,Apr,298955,289462,9493,3.2
2018,May,299855,290126,9729,3.2
2018,Jun,297522,286189,11333,3.8
2018,Jul,300397,289246,11151,3.7
2018,Aug,296398,285710,10688,3.6
2018,Sep,297513,288533,8980,3.0
2018,Oct,299396,289879,9517,3.2
2018,Nov,298863,289342,9521,3.2
2018,Dec,297860,288063,9797,3.3
2018,Annual,298301,288026,10275,3.4
2019,Jan,298762,286899,11863,4.0
2019,Feb,302356,291188,11168,3.7
2019,Mar,303930,292828,11102,3.7
2019,Apr,303442,293795,9647,3.2
2019,May,305574,294419,11155,3.7
2019,Jun,305896,293470,12426,4.1
2019,Jul,309049(P),296879(P),12170(P),3.9(P)